1957.25	3.91	5.36	2.270588133
1957.5	4.42	5.78	5.248018999
1957.75	6.52	5.85	4.444504341
1958	6.03	5.65	1.471015749
1958.25	4.92	5.45	5.828687375
1958.5	3.87	5.44	-5.095833832
1958.75	3.43	5.36	5.818716975
1959	3.18	5.21	1.441239547
1959.25	3.34	5.23	-2.8883146
1959.5	3.48	5.22	-0.724880497
1959.75	3.48	5.1	2.17195555
1960	4.4	5.43	0.720958679
1960.25	4.71	5.71	1.439267057
1960.5	5.56	5.96	1.433490913
1960.75	4.85	5.98	3.561716932
1961	4.35	6.03	2.827077562
1961.25	4.45	6.14	4.899660744
1961.5	6.14	6.6	5.526672303
1961.75	5.57	6.36	4.095608948
1962	5.21	6.29	4.054098583
1962.25	4	6.24	7.327260315
1962.5	3.79	5.67	-0.660233663
1962.75	3.71	5.38	-0.661895324
1963	3.51	5.66	5.916309151
1963.25	3.69	5.36	3.249230458
1963.5	3.72	5.21	-3.902480903
1963.75	3.72	5.47	3.255077728
1964	3.98	5.75	3.228248985
1964.25	4.36	5.93	7.643562143
1964.5	4.62	6.01	2.515377433
1964.75	5.47	6.23	4.365004998
1965	6.51	6.46	3.703740006
1965.25	6.12	6.72	9.112035158
1965.5	5.56	6.6	1.797760472
1965.75	5.45	6.45	3.571461448
1966	5.56	6.63	1.773843342
1966.25	5.65	6.88	8.175321756
1966.5	6.58	7.33	1.730360991
1966.75	6.62	6.9	2.867731986
1967	5.99	6.57	1.141066427
1967.25	5.3	6.58	3.969020575
1967.5	5.44	6.92	-1.696119055
1967.75	6.57	7.13	5.066932312
1968	7.39	7.27	5.003549854
1968.25	7.15	7.42	9.823159542
1968.5	6.95	7.65	1.613993199
1968.75	6.65	7.86	5.333118503
1969	7.19	8.56	7.86912697
1969.25	7.83	9.18	6.185706291
1969.5	7.81	9.32	0.511330078
1969.75	7.71	9.1	5.075931871
1970	7.54	8.86667	7.49555625
1970.25	6.89	9.30667	9.297219498
1970.5	6.83	9.27667	4.807898924
1970.75	6.81667	9.43	8.510976701
1971	6.73667	9.37333	10.16236046
1971.25	5.67	9.21667	14.33400107
1971.5	5.39	8.89333	5.679456015
1971.75	4.52	8.13333	4.316294691
1972	4.35667	7.99667	6.388348928
1972.25	4.59333	8.72667	7.531591957
1972.5	5.94333	9.37667	6.575393575
1972.75	7.12667	9.51	9.668186282
1973	8.12	9.74	7.100808326
1973.25	7.35333	10.0333	12.32273891
1973.5	10.0467	11.15	6.018658313
1973.75	11.6533	11.9267	13.58505447
1974	11.9867	13.3567	15.72270768
1974.25	11.3667	14.13	23.66730591
1974.5	11.1667	15.04	9.184606072
1974.75	10.9667	16.5367	17.76239558
1975	9.98667	14.6767	23.52160656
1975.25	9.38667	14.2767	36.23930545
1975.5	10.2167	13.8633	16.95846316
1975.75	11.1133	14.7533	13.7231504
1976	9.07	13.71	14.3269469
1976.25	10.1533	13.8167	13.82953101
1976.5	11.29	14.4267	9.404779502
1976.75	14.11	15.7667	17.85126845
1977	11.1467	13.8867	19.8191066
1977.25	7.65333	13	17.43839266
1977.5	6.54333	12.8733	6.313006743
1977.75	5.28333	11.14	5.935534507
1978	5.9	11.51	6.399213397
1978.25	8.10333	12.6333	10.89345476
1978.5	9.03667	12.6367	6.658867831
1978.75	10.9833	13.0967	7.071902419
1979	11.9467	13.3233	12.26870591
1979.25	11.8433	12.1033	14.34056611
1979.5	13.34	12.3833	25.85999029
1979.75	14.87	14.14	11.22449746
1980	16.06	14.44	18.38675409
1980.25	16.02	14.02	22.60521861
1980.5	14.6267	13.3433	8.500154781
1980.75	13.77	13.3367	7.364458258
1981	12.1467	13.8433	9.300482105
1981.25	11.59	14.1733	19.2305482
1981.5	13.51	15.2733	6.737659235
1981.75	14.7067	15.68	9.726433478
1982	13.2733	14.68	6.468150123
1982.25	12.55	13.7367	12.63073433
1982.5	10.3933	12.2767	1.958760987
1982.75	9.29667	10.8267	2.91934254
1983	10.5833	11.3733	1.935075794
1983.25	9.62667	10.5333	7.962332568
1983.5	9.29667	10.8967	5.324566372
1983.75	8.85	10.4167	4.487160859
1984	8.71667	10.7667	2.300613741
1984.25	8.69	11.2733	8.026371795
1984.5	10.4	11.57	3.433003019
1984.75	9.39333	10.9	5.169681155
1985	12.2367	11.3933	4.812417807
1985.25	11.92	11.11	13.54194458
1985.5	11.1367	10.7133	0.979526185
1985.75	11.1067	10.6633	1.952686859
1986	11.6867	10.5167	2.773233502
1986.25	9.67	9.18	5.216203761
1986.5	9.47667	9.85	0.409005616
1986.75	10.5133	10.9933	5.143827901
1987	10.0533	9.78333	4.812266422
1987.25	8.74	8.95667	6.067362655
1987.5	9.44	9.87667	0.914854065
1987.75	8.69	9.66667	4.286516741
1988	8.47667	9.48333	1.933670821
1988.25	7.97	9.37333	9.52840626
1988.5	10.7833	9.95	5.486453575
1988.75	11.96	9.89667	8.333568586
1989	12.4167	9.85333	6.377317755
1989.25	12.88	10.3	11.29762431
1989.5	13.36	10.09	3.696723515
1989.75	14.47	10.52	7.855191771
1990	14.51	11.5467	7.040324363
1990.25	14.4833	12.3167	18.29565715
1990.5	14.2967	12.03	6.508051765
1990.75	13.0833	11.3167	6.19845516
1991	12.2333	10.3367	2.350505023
1991.25	10.9367	10.3833	8.270616483
1991.5	10.1267	9.98333	1.793171924
1991.75	9.99	9.71667	3.856712894
1992	9.94333	9.48	2.159548576
1992.25	9.56667	9.19	8.523457818
1992.5	9.46	9.19667	-0.287652025
1992.75	6.78333	8.38667	1.627116403
1993	5.51333	8.14667	-2.683429243
1993.25	5.25667	8.06667	6.391276052
1993.5	5.12667	7.24667	1.133619311
1993.75	4.95667	6.72667	1.318959457
1994	4.83	6.81667	0.564016954
1994.25	4.85667	8.27667	7.167257559
1994.5	5.28333	8.74	0.091903648
1994.75	5.64667	8.77667	2.574266311
1995	6.06	8.76667	3.558161745
1995.25	6.29	8.35667	7.201068994
1995.5	6.57	8.24	1.068732594
1995.75	6.39	7.91333	0.622580172
1996	5.93667	7.88333	2.037588468
1996.25	5.73333	8.21333	5.18093157
1996.5	5.52333	7.99	0.69728452
1996.75	5.91333	7.67	2.430718648
1997	5.91333	7.5	2.330797176
1997.25	6.20333	7.41	5.045303612
1997.5	6.78	7.06	3.890020461
1997.75	7.02667	6.56667	3.18522526
1998	6.89	6.10333	1.250628883
1998.25	7.1	5.89	7.339463732
1998.5	7.11667	5.57	1.305259074
1998.75	6.19	4.82	1.787921655
1999	5.08	4.39	-1.706308337
1999.25	4.86333	4.82	4.212291384
1999.5	4.91	5.39333	0.321942808
1999.75	5.29667	5.45667	2.968282595
2000	5.80333	5.6	1.59490687
2000.25	5.90667	5.30667	7.413658798
2000.5	5.80667	5.31333	0.624602794
2000.75	5.68333	5.08667	2.488703412
2001	5.39333	4.90333	-0.465118669
2001.25	5.03	5.18	4.937133025
2001.5	4.72	5.13	0.153197418
2001.75	3.92333	4.82333	-0.459768389
2002	3.89	5.13333	0.229729423
2002.25	3.96667	5.29	4.954214825
2002.5	3.8	4.71333	1.36088251
2002.75	3.79667	4.52333	3.532290714
2003	3.59	4.33667	2.238388911
2003.25	3.45333	4.35333	4.733546115
2003.5	3.41	4.62333	1.028143929
2003.75	3.76333	5	2.486033583
2004	3.99333	4.82667	1.963058483
2004.25	4.37	5.12667	5.402835586
2004.5	4.68333	5.04	2.354453796
2004.75	4.67333	4.71	3.682114053
2005	4.70667	4.71	1.056074381
2005.25	4.66	4.47667	4.751939792
2005.5	4.42333	4.3	1.456461806
2005.75	4.41667	4.34667	2.138914968
2006	4.39	4.07	1.100772819
2006.25	4.48667	4.45333	6.876173875
2006.5	4.70667	4.47333	3.425092646
2006.75	5.01	4.5	4.258641998
2007	5.32333	4.86333	3.231627354
2007.25	5.55	5.24333	6.38596824
2007.5	5.75	5.23333	1.612201404
2007.75	5.47	4.81333	5.178757225
2008	5.00667	4.37667	2.408063315
2008.25	4.96333	4.87333	7.880963761
2008.5	4.92333	5.08333	3.822956905
2008.75	2.32333	4.00333	-3.388061888
2009	0.736667	3.53667	-8.632457002
2009.25	0.553333	3.58333	3.086130059
2009.5	0.403333	3.73	3.374272449
